100
6951
7217
9766
8742
3458
2373
1773
1252
4445
7146
9600
7314
3410
7202
2451
3599
1955
1779
4492
8361
8396
2681
9697
7233
5690
1798
2064
6057
6453
9088
1176
2400
4716
8565
7647
6144
1684
3501
2754
7718
4019
5061
6830
3183
8159
6742
8740
3846
1948
4292
9754
7905
6115
1307
8706
7075
8428
6151
5392
1754
7491
5051
7031
3970
4466
1686
5268
3400
6767
8661
4245
6558
7636
4823
3448
9567
1378
2270
8158
1289
7070
9535
7725
5093
6161
5456
7635
4849
4893
8964
2119
5712
8072
7942
3092
3498
2532
3683
6260
7696